1
3 80 100
58 97 351.68
42 94 168.93
6 30 361.69
57 86 203.02
25 66 287.68
57 86 203.04
27 30 895.25
20 92 286.50
5 32 255.53
28 7 474.89
53 43 482.77
44 96 946.11
41 51 214.25
56 2 145.81
3 93 958.33
24 45 636.59
49 92 65.07
58 40 648.49
54 31 326.56
38 74 667.58
16 34 335.90
47 33 823.68
65 34 454.59
11 91 371.58
22 37 765.30
16 15 180.60
17 59 68.74
44 36 284.10
2 72 800.07
44 76 328.79
22 83 138.91
25 10 849.05
66 67 387.72
53 68 132.29
59 1 555.13
49 92 224.09
3 77 368.17
73 97 696.65
71 35 356.54
65 6 611.41
4 100 266.56
79 99 237.48
32 93 662.91
56 87 552.97
63 21 814.66
50 63 131.51
57 40 206.92
5 70 386.20
41 53 176.91
3 14 839.53
38 54 944.92
60 97 741.54
50 8 672.38
10 57 889.17
36 48 562.92
50 49 312.89
33 41 632.54
46 73 60.62
46 57 406.17
6 48 123.74
47 48 64.75
24 6 344.51
34 7 395.74
7 60 915.58
20 49 513.04
57 26 18.97
2 25 466.86
4 42 460.29
10 77 856.44
23 1 747.87
20 43 361.65
34 77 176.52
17 42 308.48
7 27 598.47
23 65 734.25
47 47 706.95
64 63 191.05
36 40 892.26
2 6 943.35
74 20 439.10
41 1 958.26
19 57 726.81
54 13 258.31
79 66 778.33
80 70 90.94
69 35 272.42
57 17 329.25
56 21 935.48
61 46 326.99
75 53 232.79
25 91 810.75
56 89 60.35
78 52 681.18
6 7 512.77
43 94 302.57
34 90 57.86
75 85 885.40
37 70 819.53
80 30 580.67
18 93 102.27
64 36 297.81
0 0
10
3 L 57
-1
12
2
3 57 1
1.0
2
3 57 2
2.0
2
3 57 3
3.0
2
3 57 4
4.0
10
3 L 57
10
3 C 2
3
3 57
3 57
3 57
3
3 57
3 57
3 57
3
3 57
3 10
3 57
4
3 3
3 3
3 3
4
3 3
3 3
3 3
4
3 1
3 2
3 6
10
3 L 57
5
3 L 100
5
3 L 80
5
3 C 6
6
3 C 8
6
3 L 43
1
1 80 100
5 8 360.59
21 20 615.42
28 55 148.89
37 3 967.43
77 78 968.89
1 64 729.11
56 63 261.75
13 92 863.68
39 24 328.10
15 96 405.81
23 6 870.18
9 90 861.24
40 30 165.51
46 47 63.40
22 77 915.53
20 79 321.70
74 2 580.48
10 38 481.51
4 5 569.51
54 83 727.12
44 45 364.08
52 80 949.52
8 17 257.78
28 31 548.00
53 82 900.81
59 83 84.13
47 54 416.31
28 44 496.50
21 13 311.31
72 13 135.50
69 45 928.75
35 30 228.58
71 29 891.80
63 76 894.48
21 11 280.67
47 77 870.46
21 34 129.31
66 17 833.25
1 14 501.86
63 82 345.52
42 37 85.24
45 80 372.44
10 5 312.95
53 35 993.72
28 23 155.12
59 41 889.98
15 43 837.96
64 83 1.85
51 87 809.34
58 34 879.06
11 44 154.74
70 48 847.96
71 55 60.60
56 50 459.01
57 49 249.67
31 51 252.52
9 14 287.05
20 19 164.89
14 19 563.42
18 63 338.87
30 51 448.16
12 60 17.43
28 67 963.89
30 68 41.57
62 81 663.32
71 80 821.63
58 37 157.14
12 96 754.20
38 55 836.49
46 6 744.24
32 8 513.92
36 7 250.08
20 66 240.41
5 14 805.93
70 63 607.00
11 14 672.59
68 61 408.84
26 54 208.89
53 74 581.87
53 84 447.71
49 88 112.44
21 70 537.02
65 98 602.46
3 28 505.30
8 15 966.53
60 76 794.31
9 76 471.32
72 19 555.11
7 21 956.58
50 46 660.25
23 16 971.57
3 78 439.29
64 6 634.14
21 29 145.81
37 69 465.67
48 22 778.45
2 87 255.82
13 17 908.26
52 80 883.25
69 23 854.03
1 90 317.12
30 64 193.25
24 60 844.70
73 76 867.73
14 24 755.45
32 16 324.74
16 60 399.55
35 54 759.14
15 77 326.16
12 73 493.75
4 39 697.15
26 66 340.78
1 48 776.31
64 53 705.10
52 5 665.97
30 77 263.56
46 43 872.48
7 66 123.49
16 74 316.72
59 9 151.30
0 0
7
1 2 3
7
1 3 2
10
2 L 57
2
1 57 1
100.02
7
3 1 2
10
2 L 57
8
1 1
10
1 L 40
8
1 1
10
1 L 40
8
3 2
10
2 C 57
9
1 0 0
9
2 1 1000
9
2 2 57
7
1 2 3
8
2 2
7
1 2 3
11
