1
1 20 10
10 4 543.06
16 3 820.36
5 1 937.67
1 10 201.68
15 4 626.15
10 2 982.63
6 6 710.57
16 3 919.04
8 3 863.35
18 4 471.33
14 1 152.13
4 4 733.49
8 2 364.68
4 7 131.48
2 5 257.16
17 8 621.36
12 5 471.60
1 20 193.92
8 6 757.62
12 20 212.78
15 7 846.97
4 11 698.24
16 6 893.72
1 10 660.76
11 4 36.17
10 3 9.36
8 7 551.78
10 4 908.64
12 7 413.14
9 2 391.63
0 0
10
1 C 10
1
2 20 11
25 20 11
4 6 823.19
14 4 398.12
9 3 849.82
7 8 665.89
7 7 683.47
1 9 975.37
12 6 224.82
14 11 451.08
5 1 327.77
12 2 342.19
17 6 853.42
13 6 983.30
1 1 278.12
7 8 750.69
4 7 951.56
3 7 717.66
2 2 843.12
15 9 883.30
1 3 224.53
9 11 683.00
8 7 665.65
20 4 334.02
2 4 611.03
12 8 21.72
17 7 836.50
0 0
1
3 21 10
15 21 10
18 4 947.16
3 8 981.08
15 3 814.48
9 1 136.60
16 5 270.36
9 4 77.80
3 4 104.06
4 9 719.46
1 10 662.88
14 6 648.52
19 4 300.23
14 7 383.53
4 4 190.69
17 8 449.26
9 6 184.23
0 0
2
2 1 8
297.36
2
2 2 8
174.17
2
2 10 4
46.31
2
2 9 5
763.43
2
2 4 9
934.35
2
2 3 5
973.58
2
1 13 9
561.39
2
1 21 8
37.55
2
1 20 10
385.46
2
1 3 10
816.50
2
1 100 9
214.18
2
2 7 3
981.77
2
2 17 10
45.89
2
3 3 9
299.13
2
3 4 9
143.37
2
3 9 3
360.86
2
3 20 8
73.68
2
3 21 10
870.75
2
3 17 6
473.10
2
3 4 5
897.06
2
2 6 5
225.98
2
2 3 4
116.31
6
1 L 1
6
1 C 1
6
4 C 1
6
4 L 10
6
1 C 11
6
2 L 21
6
3 L 4
6
3 C 10
3
1 1
2 2
3 3
3
1 1
1 1
1 1
3
2 2
2 2
2 2
3
1 1
2 2
1 1
3
1 21
2 40
3 50
10
1 L 1
3
2 4
4 1
4 3
5
1 L 1
5
1 C 1
5
4 C 1
5
4 L 10
5
1 C 11
5
2 L 21
5
3 L 4
5
3 C 10
1
3 1 3
1 1 1.0
1 2 2.0
1 3 3.0
0 0
6
3 L 1
6
3 L 2
6
3 C 2
2
3 1 3
0.5
6
3 L 1
4
3 1
3 2
3 3
4
4 1
3 2
4 3
4
1 23
1 10
1 40
4
2 9
2 9
2 9
10
2 C 9
3
1 2
3 1
1 2
4
1 7
3 1
1 7
10
1 L 21
10
1 C 11
10
4 C 10
10
2 L 21
10
2 L 20
10
3 C 2
10
3 L 1
9
4 1 2
9
3 2 1
9
1 21 10
9
2 20 11
9
3 1 3
9
1 14 9
8
1 1
8
1 1
7
1 2 4
7
1 3 4
7
1 2 1
7
1 1 1
7
1 1 1
7
3 3 3
7
2 3 2
10
2 C 7
10
2 C 4
10
2 C 5
10
2 L 10
7
4 2 1
7
1 4 2
10
4 C 5
7
4 4 4
7
2 2 4
7
4 2 4
7
2 4 2
10
4 C 8
10
4 C 10
10
4 L 1
7
4 2 3
7
2 3 3
10
3 L 2
10
3 C 8
8
3 3
10
3 C 8
8
3 3
10
3 C 8
8
1 4
8
2 3
8
3 1
8
1 1
7
1 3 4
11
