1
Hardhouse 30
40 D 20
30 E 20
30 D 20
30 D 50
30 E 25
-1
1
Nopehouse 100
-1
2
-129
28 E 30
2
-129
50 E 49
6 -129
2
-129
50 D 20
2
-38
10 E 7
5
6
100
4
100 50
4
-129 28
4
-129 30
5
6
-99
6
99
3
10
5
6
10
1
Targaryen 6363
6363 E 3833
3833 D 4069
6363 D 8133
8133 E 7435
4069 E 3915
7435 E 7308
4069 D 4802
7435 D 7628
7308 D 7355
4802 D 5367
3833 E 1367
7355 D 7369
3915 D 3996
7369 D 7399
7308 E 6986
7628 D 7765
8133 D 8207
1367 D 1689
7628 E 7507
3996 D 4032
4032 E 3997
4032 D 4033
3915 E 3842
8207 E 8141
3842 D 3885
1367 E 946
946 E 122
3997 D 4010
8207 D 9594
-1
1
Stark 6233
6233 E 3208
3208 E 456
6233 D 9400
3208 D 4225
4225 D 4778
4225 E 3945
9400 D 9530
9530 E 9518
9400 E 8909
3945 D 4178
8909 D 9367
4778 E 4690
9530 D 9845
4178 E 4144
4144 D 4169
9845 D 9954
456 E 101
9954 D 9958
-1
1
Lannister 2195
2195 D 3140
3140 E 2869
-1
1
Baratheon 9758
9758 E 5543
5543 E 236
236 E 209
-1
1
Bolton 5340
5340 E 346
346 E 161
161 E 72
5340 D 8067
8067 D 9090
72 D 73
9090 E 6170
72 E 4
-1
1
Florent 578
578 E 431
431 E 384
384 E 373
373 E 26
431 D 509
384 D 411
26 D 232
509 E 8988
8988 D 6878
411 D 422
411 E 387
26 E 19
6878 E 8989
8989 D 8990
578 D 5649
373 D 379
387 D 400
400 D 401
8990 D 2531
5649 E 2108
422 D 429
5649 D 8150
232 E 137
19 D 20
6878 D 8848
-1
1
Martell 9548
9548 D 9650
9548 E 2931
9650 D 9771
9771 D 9783
9771 E 9684
2931 E 2510
2510 D 2623
9684 E 9654
9654 E 9652
2623 E 2529
9652 E 9651
9651 D 7470
9650 E 9597
9597 E 9586
9586 E 1220
1220 E 9549
7470 E 9652
9651 E 9651
9783 E 9778
9651 E 9651
9549 E 9549
7470 E 9652
7470 E 9652
9549 E 9549
9778 D 9780
-1
1
Redwyne 6358
6358 E 5616
6358 D 7404
7404 E 6374
7404 D 7993
5616 D 6022
6374 E 4361
6374 D 7041
7041 D 7203
7041 E 6719
-1
5
6
116608
6
15746
6
-29323
6
-65091
6
116608
6
8204
2
-65091
4361 E 6359
2
161095
4010 D 6034
2
8204
2869 D 2941
2
-71450
7993 D 9827
2
116608
3945 E 3912
2
-29323
4 E 1
2
11145
2195 E 173
2
120520
4690 E 4379
2
-81277
7203 E 7110
2
-144966
9778 E 9775
2
124899
9367 D 9384
2
-167129
122 E 23
2
11318
2941 E 2932
2
-66669
2108 E 1606
2
-154741
9586 D 9594
2
134283
4169 D 4171
2
-164335
9594 E 9589
2
14250
2932 D 2937
2
-29324
1 D 2
2
17187
2869 E 2776
5
6
15746
6
-29326
6
138454
6
-68275
6
15746
6
-29326
3
-68275
3
138454
4
15746 9758
4
-29326 161
4
19963 2776
4
-88387 6022
4
5988 209
4
-167152 7355
4
-173924 9597
4
-82365 5616
5
6
-29165
6
5779
6
-76749
6
17187
6
-159797
6
-29165
6
-164327
6
-164327
7

