1
Hardhouse 30
40 D 20
30 E 20
30 D 20
30 D 50
30 E 25
-1
1
Nopehouse 100
-1
1
Nonabbhouse 10
10 D 20
20 E 8
-1
5
6
-38
2
100
50 E 30
6
100
2
100
50 E 29
5
2
100
30 E 20
2
-129
28 E 30
2
-129
50 E 49
6 -129
2
-129
50 D 20
2
-38
10 E 7
5
6
100
4
100 50
-100
1
Targaryen 3235
3235 D 7007
7007 E 6499
6499 D 6
6499 E 3565
3565 D 4317
7007 D 7811
-1
1
Stark 1233
1233 D 2205
2205 E 1616
2205 D 1257
1616 D 1939
1257 D 9977
1616 E 1594
9977 D 9994
9994 D 9995
1594 E 1379
9995 D 9998
9995 E 9995
1594 D 1597
9998 D 9999
1379 D 1515
1939 E 1893
9999 D 10000
1515 D 1540
9999 E 9999
9994 E 9982
9982 E 9979
10000 E 72
1233 E 100
1939 D 2055
10000 D 10001
1540 E 1523
100 D 398
9979 E 9978
9998 E 9996
1523 E 1518
72 D 6244
398 E 195
1597 D 1607
9977 E 9549
398 D 465
465 D 718
72 E 10000
9549 D 9578
1518 D 1519
9995 E 9995
1893 E 1851
9996 D 9997
1851 E 1840
9979 D 9980
1607 D 1611
9980 D 9981
1515 E 1485
9578 D 9654
1893 D 1920
2055 D 2117
-1
1
Lannister 2794
2794 E 1519
1519 E 171
2794 D 9821
171 E 112
1519 D 1877
112 E 20
20 E 1
9821 D 9933
-1
1
Baratheon 1940
1940 D 2921
2921 E 2654
2654 D 2656
2656 E 2655
2655 E 2655
2654 E 2482
2655 D 2656
1940 E 977
2655 E 2655
2655 E 2655
2482 E 2047
2656 D 2841
977 D 1203
2655 E 2655
2841 E 2695
2655 E 2655
2695 D 2765
977 E 96
96 E 93
1203 E 1033
2695 E 2687
2765 D 2788
2788 D 2833
2788 E 2781
2047 D 2357
2357 E 2102
2781 D 2784
93 D 94
2687 E 2665
93 E 57
2102 D 2325
1203 D 1730
94 D 1864
1864 D 1865
-1
1
Bolton 8825
8825 D 9756
9756 D 9846
9846 D 9919
9846 E 9784
9919 E 9909
9784 D 9816
9919 D 9956
9956 D 9976
9816 D 9821
9909 D 9911
9821 E 9818
9956 E 9946
8825 E 3833
9976 D 9992
9821 D 9830
9818 D 9819
9818 E 9817
9830 D 9120
9909 E 9896
9756 E 9535
-1
1
Florent 4768
4768 D 9974
4768 E 3317
9974 D 9998
9998 E 9977
9977 D 9994
9974 E 9728
3317 D 3760
3760 E 3594
9728 D 9935
3760 D 4513
9728 E 7140
9994 E 9982
9935 D 9943
9982 E 9979
9943 E 9938
4513 D 4520
9994 D 9996
3317 E 2157
9998 D 9999
4520 D 4703
9938 E 9936
-1
1
Martell 3433
3433 E 2525
2525 E 863
863 E 660
660 E 205
3433 D 7866
863 D 2223
660 D 1857
205 D 545
7866 E 7608
545 D 7689
2223 D 2424
1857 D 8325
7689 D 7690
-1
1
Redwyne 1710
1710 D 7986
7986 E 3663
7986 D 7998
7998 E 7996
1710 E 1631
1631 D 1703
1631 E 753
3663 E 2063
7998 D 9164
9164 E 9129
753 E 396
9164 D 9402
9402 E 9378
9378 D 9389
9389 E 9386
753 D 1326
1703 D 1706
9389 D 9398
9398 E 9393
396 D 444
9129 E 8766
9393 E 9391
9398 D 9399
7996 E 7994
444 E 409
1326 D 1327
1326 E 830
3663 D 6038
1706 E 1704
-1
1
Umber 9084
9084 E 702
-1
1
Tully 578
578 D 1750
1750 D 3207
3207 D 3413
3413 D 5049
5049 D 1065
1065 D 4464
3207 E 2145
1750 E 998
1065 E 5050
4464 D 6284
5050 D 5051
998 D 1297
6284 D 7190
1297 D 1626
5051 D 5052
998 E 666
5052 D 5053
5052 E 5052
2145 E 1935
6284 E 5034
666 E 599
599 D 631
7190 D 7703
7703 D 7829
5034 E 4791
1297 E 1190
5050 E 5050
5049 E 4942
1190 D 1268
5034 D 5637
-1
1
Crakehall 810
810 E 647
810 D 9467
647 E 226
9467 E 4947
647 D 793
793 D 803
4947 D 5904
803 E 795
795 D 796
793 E 672
672 D 733
-1
1
Lefford 5201
5201 D 6485
5201 E 4596
4596 D 5054
4596 E 4063
6485 E 5779
4063 E 3600
3600 D 3387
3600 E 827
827 D 1484
3387 E 3601
6485 D 6653
5054 E 4984
5054 D 5141
4984 E 4962
5141 D 5166
3387 D 3899
5166 E 5147
4962 E 4606
6653 E 6538
3899 E 3454
5147 D 5162
4962 D 4974
3454 E 3388
4974 E 4964
4606 D 4678
4678 E 4634
4678 D 4715
3388 E 3388
5166 D 5191
4964 E 4963
5162 D 5163
3601 E 3601
5779 D 5780
4715 D 4907
5163 D 5164
3454 D 3845
5191 E 5187
6538 E 6525
4634 D 4663
-1
1
Westerling 4073
4073 D 5180
5180 D 5781
5781 D 6054
6054 D 8983
4073 E 1067
8983 D 9401
9401 D 9467
9467 D 9673
1067 E 825
5781 E 5420
9673 D 9719
6054 E 5887
825 E 596
9719 D 9780
9719 E 9701
5887 E 5867
5420 E 5215
596 E 450
8983 E 8542
450 D 3553
450 E 376
5215 E 5184
8542 E 8268
5215 D 5346
8542 D 8684
5867 E 5853
3553 E 2802
3553 D 3554
3554 E 3554
8684 D 8730
9780 D 9972
9972 E 9888
5887 D 5929
8730 D 8937
1067 D 1163
9467 E 9416
5184 D 5193
8268 E 6856
376 E 58
8730 E 8690
6856 D 7920
9673 E 9469
9780 E 9757
5853 D 5858
5867 D 5883
5346 E 5308
5193 E 5191
-1
1
Yarwyck 8565
8565 D 9997
9997 D 9998
9997 E 9955
9955 E 9644
9998 E 9998
8565 E 6955
9998 D 9999
6955 D 8562
9644 E 8611
8562 D 8563
8563 D 8564
-1
5
6
26248
6
26248
6
-289519
6
-213644
6
-178530
6
9786
2
-53913
7690 D 7691
2
-213644
9549 E 1540
2
167851
9936 D 9937
2
26593
9467 D 9645
2
-213644
9981 E 9981
2
159872
9391 D 9392
2
-32440
4317 D 4775
2
-199125
9120 E 9831
2
9786
702 D 2715
2
-101497
1626 E 1537
2
177788
9979 E 9978
2
36238
226 D 407
2
-213644
1851 D 1882
2
169264
1704 E 1704
2
99413
8564 E 8564
2
26248
1877 E 1610
2
-178530
5187 E 5179
2
36645
796 E 796
2
-183709
4715 E 7691
2
27858
171 D 411
2
28269
9933 E 9847
2
-61604
2525 D 3429
2
-289519
1163 E 6695
2
-37215
4775 E 4539
2
-296214
5308 E 5291
2
-41754
4539 E 4472
2
99413
9999 D 10000
2
-191400
3601 D 3602
2
-57990
2784 D 2785
2
-208956
9817 D 5100
2
-60775
2833 D 2835
2
38116
1 E 1
2
-46226
4317 E 4210
2
38116
9821 E 4194
2
-195002
3388 E 3388
2
109413
6955 E 4460
2
113873
9999 E 9999
2
187766
9979 D 9980
2
-195002
5164 E 5164
2
-195002
3845 E 3525
2
-214056
9946 E 9934
2
-63610
2784 E 2782
2
169264
9393 D 9394
2
42310
1 E 1
2
-215526
9995 E 9995
2
-50436
4472 E 4346
2
197746
4513 E 4345
2
-301505
2802 E 1025
2
-54782
6 E 6500
2
202091
9977 E 9975
2
-65033
7691 E 7691
2
-66392
2765 E 2699
2
-65033
2223 E 1140
2
12501
2715 E 2068
2
14569
2715 D 6455
2
-69091
2835 D 2838
2
-103034
4791 E 4699
2
21024
9084 D 3299
2
178658
9386 D 9387
2
-302530
376 D 417
2
36645
407 D 517
2
-198527
4974 D 4977
2
37162
9645 D 9665
2
212066
2157 D 2262
2
214328
4703 E 4690
2
113873
4460 E 2145
2
46827
9645 E 9515
2
-107733
5637 D 5944
2
-302947
6856 E 6079
2
116018
8563 E 8563
2
116018
2145 E 593
2
-113677
1190 E 1023
2
-71929
2687 D 2693
2
-66173
1857 E 1288
2
188045
1327 D 1583
2
-74622
2357 D 2408
2
-203504
3525 D 3785
2
-215526
9997 D 9998
2
-67461
7691 D 7692
2
116611
9999 E 9999
2
-215526
1840 D 1841
2
-77030
1865 D 1866
2
-78896
2325 D 2347
2
-75153
7866 D 9731
2
116611
9644 D 9837
2
-84884
9731 E 9517
2
189628
9387 D 9388
2
-309026
6079 E 6064
2
42310
4194 D 5127
2
126448
10000 E 10000
2
199016
8766 E 8185
2
-81243
2835 E 5659
2
-86902
2655 D 2656
2
207201
9399 E 9399
2
-315090
6079 D 6258
2
56342
517 D 572
2
-86902
2347 E 5034
2
-114700
4791 D 4938
2
-321348
825 D 1011
2
219018
9937 D 9938
5
6
219018
6
219018
6
47437
6
-61282
6
126448
6
-94401
3
219018
3
-223990
3
-322359
4
-61282 3235
4
-217367 1939
4
56914 226
4
-94401 3433
4
126448 8563
4
-215428 100
4
207201 9164
4
-207289 3454
4
-119638 998
4
47437 5127
4
-91936 2835
4
-215328 9996
4
-118640 1065
4
-90968 7690
4
117885 4460
4
42310 9933
4
-24323 2715
4
-21608 3299
4
-83278 8325
4
32377 1610
4
30767 9847
4
-58047 4472
4
-203835 3601
5
6
-74953
6
-117575
6
-53575
6
-205332
6
198037
6
20920
6
-53575
6
56688
7
