O territorio referenciado nao esta memorizado!
Territorio ja memorizado!
A posicao referenciada ja esta ocupada!
Casa ja memorizada!
-38
100
10
8
20
Territorio ja memorizado!
20
30
50
-129
-38
A casa referenciada nao esta memorizada!
O territorio referenciado nao esta memorizado!
A posicao referenciada ja esta ocupada!
20
30
29
50
Territorio ja memorizado!
-129
-45
A casa referenciada nao esta memorizada!
A casa referenciada nao esta memorizada!
Opcao invalida!
Territorio ja memorizado!
Territorio ja memorizado!
Territorio ja memorizado!
Territorio ja memorizado!
Territorio ja memorizado!
Territorio ja memorizado!
Territorio ja memorizado!
Territorio ja memorizado!
Territorio ja memorizado!
Territorio ja memorizado!
Territorio ja memorizado!
Territorio ja memorizado!
Territorio ja memorizado!
Territorio ja memorizado!
Territorio ja memorizado!
Territorio ja memorizado!
-289519
-213644
-199125
-178530
-101497
-57990
-53913
-32440
-129
-45
9786
26248
26593
99413
159872
167851
1
20
112
171
1519
1877
2794
9821
9933
1
20
112
171
1519
1877
2794
9821
9933
58
376
450
2802
3553
3554
596
825
1067
1163
4073
5180
5184
5191
5193
5215
5308
5346
5420
5781
5853
5858
5867
5883
5887
5929
6054
6856
7920
8268
8542
8684
8690
8730
8937
8983
9401
9416
9467
9469
9673
9701
9719
9757
9780
9888
9972
100
195
398
465
718
1233
1379
1485
1515
1518
1519
1523
1540
1594
1597
1607
1611
1616
1840
1851
1893
1920
1939
2055
2117
2205
1257
9549
9578
9654
9977
9978
9979
9980
9981
9982
9994
9995
9996
9997
9998
9999
72
6244
10000
10001
827
1484
3600
3601
3387
3388
3454
3845
3899
4063
4596
4606
4634
4663
4678
4715
4907
4962
4963
4964
4974
4984
5054
5141
5147
5162
5163
5164
5166
5187
5191
5201
5779
5780
6485
6525
6538
6653
702
9084
Territorio ja memorizado!
Territorio ja memorizado!
Territorio ja memorizado!
Territorio ja memorizado!
Territorio ja memorizado!
Territorio ja memorizado!
Territorio ja memorizado!
Territorio ja memorizado!
Territorio ja memorizado!
Territorio ja memorizado!
Territorio ja memorizado!
Territorio ja memorizado!
Territorio ja memorizado!
Territorio ja memorizado!
Territorio ja memorizado!
Territorio ja memorizado!
Territorio ja memorizado!
Territorio ja memorizado!
Territorio ja memorizado!
-322359
-223990
-217367
-207289
-119638
-94401
-91936
-61282
-24323
-129
-45
47437
56914
126448
207201
219018
2157
2262
3317
3594
3760
4345
4513
4520
4690
4703
4768
7140
9728
9935
9936
9937
9938
9943
9974
9975
9977
9978
9979
9980
9982
9994
9996
9998
9999
2157
2262
3317
3594
3760
4345
4513
4520
4690
4703
4768
7140
9728
9935
9936
9937
9938
9943
9974
9975
9977
9978
9979
9980
9982
9994
9996
9998
9999
1
20
112
171
411
1519
1610
1877
2794
4194
5127
9821
9847
9933
3235
3565
4210
4317
4346
4472
4539
4775
6499
6500
6
7007
7811
593
2145
4460
6955
8562
8563
8564
8565
8611
9644
9837
9955
9997
9998
9999
10000
205
545
7689
7690
7691
7692
660
1288
1857
8325
863
1140
2223
2424
2525
3429
3433
7608
7866
9517
9731
-205332
-200234
-117575
-89101
-74953
-53575
-129
-45
18309
20920
56688
113425
198037
205
545
7689
7691
7692
660
1288
1857
863
1140
2223
2424
2525
3429
7608
7866
9517
9731
578
599
631
666
1023
1190
1268
1297
1537
1626
1750
1935
2145
3207
3413
4942
5049
5050
5051
5052
5053
4464
4699
4791
4938
5034
5637
5944
6284
7190
7703
7829
3565
4210
4317
4346
4539
4775
6499
6500
6
7007
7811
195
398
465
718
1233
1379
1485
1515
1518
1519
1523
1540
1594
1597
1607
1611
1616
1840
1841
1851
1882
1893
1920
2055
2117
2205
1257
9549
9578
9654
9977
9978
9979
9980
9981
9982
9994
9995
9997
9998
9999
72
6244
10000
10001
396
409
444
753
830
1326
1327
1583
1631
1703
1704
1706
1710
2063
3663
6038
7986
7994
7996
7998
8185
8766
9129
9378
9386
9387
9388
9389
9391
9392
9393
9394
9398
9399
9402
1
20
112
171
411
1519
1877
2794
4194
9821
3565
4210
4317
4346
4539
4775
6499
6500
6
7007
7811
407
517
572
647
672
733
793
795
796
803
810
4947
5904
9467
9515
9645
9665
