O territorio referenciado nao esta memorizado!
Territorio ja memorizado!
A posicao referenciada ja esta ocupada!
Casa ja memorizada!
A casa referenciada nao esta memorizada!
A casa referenciada nao esta memorizada!
A casa referenciada nao esta memorizada!
A casa referenciada nao esta memorizada!
A casa referenciada nao esta memorizada!
100
20
30
50
A casa referenciada nao esta memorizada!
A casa referenciada nao esta memorizada!
50
A casa referenciada nao esta memorizada!
A casa referenciada nao esta memorizada!
A casa referenciada nao esta memorizada!
50
A casa referenciada nao esta memorizada!
Territorio ja memorizado!
Territorio ja memorizado!
Territorio ja memorizado!
Territorio ja memorizado!
Territorio ja memorizado!
Territorio ja memorizado!
Territorio ja memorizado!
-144966
-66669
-65091
-29323
50
8204
15746
116608
161095
101
456
3208
3945
4144
4169
4178
4225
4690
4778
6233
8909
9367
9400
9518
9530
9845
9954
9958
209
236
5543
9758
4
72
73
161
346
5340
8067
6170
9090
5616
6022
6358
4361
6374
6719
7041
7203
7404
7993
101
456
3208
3945
4144
4169
4178
4225
4690
4778
6233
8909
9367
9400
9518
9530
9845
9954
9958
2195
2869
3140
-173924
-167152
-88387
-68275
-29326
50
15746
19963
138454
209
236
5543
9758
1
2
4
72
73
161
346
5340
8067
6170
9090
101
456
3208
3912
3945
4144
4169
4171
4178
4225
4379
4690
4778
6233
8909
9367
9384
9400
9518
9530
9845
9954
9958
19
20
26
137
232
373
379
384
387
400
401
411
422
429
431
8988
8989
8990
2531
6878
8848
509
578
1606
2108
5649
8150
209
236
5543
9758
1
2
4
72
73
161
346
5340
8067
6170
9090
-164327
-159797
-76749
-29165
50
5779
17187
1
2
4
72
73
346
5340
8067
6170
9090
236
5543
6358
6359
4361
6374
6719
7041
7110
7203
7404
7993
9827
173
2195
2869
2932
2937
2941
3140
23
122
946
1367
1689
3833
3842
3885
3915
3996
3997
4010
6034
4032
4033
4069
4802
5367
6363
6986
7308
7369
7399
7435
7507
7628
7765
8133
8141
8207
9594
1
2
4
72
73
346
5340
8067
6170
9090
2510
2529
2623
2931
9548
9549
1220
9586
9589
9594
9650
9651
7470
9652
9654
9684
9771
9775
9778
9780
9783
2510
2529
2623
2931
9548
9549
1220
9586
9589
9594
9650
9651
7470
9652
9654
9684
9771
9775
9778
9780
9783
